 011557291218
 011251112592
 011601332089
 011308783118
 011736596370
 012063746839
 011271035860
 012105688469
 011168275898
 011029833083
 011394765630
 011255306998
 011256355527
 011751274568
 011913802300
 011908559341
 011483891777
 012048017962
 011312977531
 011988250305
 011898073447
 011520592622
 011387425535
 012060600963
 011668439850
 011480746009
 011095925006
 011749177373
 011518495457
 011228043606
 011817333812
 011953646619
 012077378491
 011590846136
 011731353436
 012087862281
 011254258364
 012065844130
 011743936377
 011290956924
 011817333953
 012059552342
 011156741223
 011648516820
 011408397163
 011952598269
 011330803699
 011258452896
 011962035284
 011407348549
 011645371070
 012037532125
 012115125920
 011736596276
 011607623531
 012072135485
 011630690701
 011979861698
 011613913328
 011022492730
 011710381368
 011155692585
 012058503806
 011565680001
 011268938616
 012097299935
 011619156060
 011610767580
 011881296125
 011087536186
 011640127794
 011628593633
 011167227236
 011587700314
 011769100684
 011683118418
 011372744913
 011026687032
 011876054744
 011856132009
 012050115391
 011276276992
 011958889937
 011629641782
 012065843766
 011845646100
 011629641791
 011655857071
 011073904924
 011461873152
 011102216322
 011210217746
 011997687331
