9287022282388
9287305809267
9287525065873
9287662869304
9287949700123
9288205598078
9288738741112
9288804788309
9288939064874
9289108441518
9289287748501
9289549358718
9290689075861
9291151835869
9291376762485
9291483609054
9292154296125
9292204240827
9292638839006
9292662045416
9292854396880
9295225507295
9295233902524
9295397291533
9231053578830
9231117563680
9231251639535
9231363363075
9232573944845
9233397951939
9233738437937
9234281582510
9234282214225
9234317819864
9234427026742
9234571721582
9235185372736
9235323003745
9235958389673
9236340042275
9236381619963
9236652975549
9236839775831
9236921204914
9237092942206
9238335471146
9239047637042
9239481634991
9239579427141
9239895079281
9240715542000
9241313665618
9241579592963
9242421959673
9268421473839
9268573257424
9268633114901
9268666767286
9268759671986
9269146337551
9269172686093
9269190536974
9269512241867
9270011230299
9270084850290
9270429813895
9270530871952
9271024178148
9271031657398
9271102948862
9271241893628
9271659491155
9271756838724
9271869550307
9272044153428
9272102155279
9272162230717
9272850808787
9273239660808
9274035966508
9274498363140
9274831954000
9275213004308
9275535630090
9257660139414
9257819218184
9258084227042
9258590952107
9258687764894
9258936291099
9258994810410
9259736853786
9260856452838
9261272961305
9261595621217
9261939986424
9262869894076
9263501824130
9263741650015
9264052901327
9264471088502
9264569466934
9264735860281
9265431790001
9266417013815
9266781193100
9267398347017
9267447591563
9267853855433
9268084489280
9268511036931
9268792729417
9268942484812
9269133579737
9236918060338
9237026383094
9237135384029
9237280221485
9237455071846
9237521803077
9237546596369
9237745092912
9238262822809
9238354158006
9239021727999
9239444835956
9240010169807
9240929134662
9241675293343
9241812608278
9242558438754
9242874712976
9242944699956
9242972319964
9243228396340
9244229308714
9245022620259
9245380493972
9245601001822
9245775041168
9245905163403
9246520719514
9246794560740
9246918842593
