5628637723
5877738994
5688888383
5535948669
572763283P
5479944942
5947495282
5469466774
5952454783
5788743322
5866239986
5726264295
5923496569
5755248779
5584832932
5799857644
5849458756
5292879279
5639284556
5256222595
5632829635
5776226483
538998437z
5725939978
5538634368
5887594325
5754447884
5878562748
6736893578
6926633258
6974944487
6639455935
6582599267
6476547537
6542876598
6998623559
6723494637
6774346669
6957684558
6838877486
6442867399
6986855832
6895372889
6733362462
6652799236
6593532796
6459958926
6529422224
6247859563
6467466674
6864868282
6929299797
6892566772
6478468699
6599532484
6895627346
6386684557
